Horizontal

Columns (104, 44) spacing (56, 18)

108, 44
109, 44

109, 62
110, 62

108, 80
109, 80

109, 98
110, 98

167, 116
168, 116

166, 134
167, 134

Foundations (584, 51) spacing (0, 73)

589, 51
590, 51

589, 124
590, 124

588, 270
589, 270

Cell (104, 361) spacing (56, 0)

110, 361
111, 361


Vertical

Columns & Cells are the same

104, 49
104, 50
104, 368
104, 369

160, 50
160, 51

216, 49
216, 50
216, 366
216, 367

272, 48
272, 49
272, 365
272, 366

328, 49
328, 50

384, 48
384, 49

440, 49
440, 50

496, 50
496, 51


Foundation

584, 56
584, 57


